0 36 98 99 53 89 37 58 46 32 95 20 52 32 10 62 43 42 42 33 96 79 23 92 76 89 25 53 69 48 26 51 97 34 10 25 47 89 92 10 52 77 82 60 47 50 23 30 37 77 13 77 88 15 16 36 65 23 80 45 46 56 88 23 32 93 66 53 56 18 93 74 78 59 61 86 48 63 85 85 92 
92 0 77 53 75 35 34 26 58 59 18 60 54 16 15 99 23 80 49 16 10 31 52 21 19 43 84 86 21 91 81 71 51 22 97 31 22 91 89 57 97 73 76 24 97 50 10 67 29 22 88 52 59 10 29 75 11 65 76 56 93 89 29 81 84 85 76 98 85 47 53 54 51 28 77 55 44 13 81 95 76 
69 61 0 21 84 47 24 45 44 51 12 58 39 59 10 23 35 21 97 90 82 17 63 44 97 76 90 36 28 87 61 16 80 94 77 25 88 13 73 82 11 26 47 70 85 19 71 22 60 51 75 15 74 93 27 91 50 87 34 34 83 30 83 20 46 58 12 44 61 50 49 19 40 84 95 63 31 42 62 33 38 
48 55 90 0 55 30 44 64 70 83 54 83 55 55 73 39 63 65 15 92 79 16 40 77 36 37 11 97 99 58 32 94 74 67 90 53 75 23 94 10 65 91 47 18 61 80 49 61 77 12 74 96 26 61 91 72 26 61 38 80 44 33 38 42 75 77 73 81 39 44 70 52 53 94 92 61 59 16 39 48 66 
56 58 34 37 0 86 17 69 76 69 41 20 55 30 32 96 81 86 39 43 87 81 22 55 93 13 90 70 88 17 66 57 38 13 98 94 71 19 52 73 11 24 62 49 20 55 78 51 96 12 71 71 53 74 24 47 80 16 50 46 70 73 17 50 93 62 91 36 40 22 15 95 65 59 99 30 97 54 22 26 82 
72 99 49 78 65 0 58 39 47 30 19 55 63 28 87 98 95 92 19 76 10 70 37 38 29 60 29 69 93 93 10 32 87 96 18 26 83 17 14 70 73 52 39 94 20 54 17 26 43 17 46 13 76 49 80 90 23 40 31 22 14 79 17 75 39 70 58 44 59 22 19 77 20 98 51 58 98 34 15 31 38 
48 37 47 63 63 70 0 84 46 80 16 49 10 71 68 88 47 40 48 85 43 36 71 89 68 65 81 52 27 22 83 40 69 36 15 20 11 87 67 81 19 92 59 78 50 18 43 70 85 79 26 39 76 56 32 62 37 70 81 67 39 63 47 49 42 70 32 84 72 13 55 62 22 99 65 33 39 72 36 70 88 
18 93 86 51 33 82 33 0 18 71 64 77 23 19 52 99 93 86 40 51 56 69 72 70 62 16 73 65 63 64 33 31 27 26 17 52 37 98 26 86 28 99 46 39 55 86 41 58 30 20 80 87 32 84 54 97 87 81 45 12 34 53 59 95 56 27 32 78 95 17 56 35 42 65 17 43 26 77 46 86 68 
 
56 35 39 33 76 58 32 57 0 23 17 46 35 31 24 77 55 92 91 18 20 91 16 60 10 21 84 17 30 34 68 39 20 77 70 11 87 43 47 64 23 61 78 91 48 64 28 62 79 38 95 58 52 83 40 71 62 16 60 83 33 89 79 83 33 23 73 19 34 99 63 10 98 61 18 19 54 52 80 87 17 
69 15 94 74 53 10 11 88 27 0 68 82 76 58 81 81 93 24 35 22 75 61 15 31 49 84 32 53 22 95 82 17 74 46 54 32 58 83 67 70 40 10 81 42 39 56 60 71 80 75 88 47 14 49 73 84 30 25 26 39 83 66 75 65 88 92 47 41 82 67 79 81 20 88 72 94 79 29 15 55 76 
84 47 98 39 33 40 52 89 70 59 0 61 22 80 39 23 43 83 71 93 43 39 19 97 21 54 96 51 19 57 90 49 51 87 70 50 75 54 24 77 15 78 85 55 74 89 64 56 96 94 10 44 11 92 74 78 41 72 82 22 45 95 14 72 77 26 68 47 89 22 92 70 91 18 39 25 64 74 20 31 42 
96 82 92 23 30 90 39 95 91 77 60 0 13 59 75 40 91 40 90 37 81 45 34 44 60 59 38 93 15 32 47 31 49 58 66 93 34 28 68 76 10 40 69 11 71 14 61 46 91 90 33 57 93 94 72 73 48 69 17 14 62 76 17 43 83 16 83 33 57 30 93 95 12 86 21 64 92 94 69 85 70 
33 86 99 74 47 58 14 61 39 39 12 95 0 70 92 63 18 64 20 29 25 90 67 30 78 87 69 19 45 57 53 66 99 67 84 98 68 88 44 62 84 40 77 53 11 48 26 30 54 98 53 23 35 65 46 77 52 68 56 10 20 15 86 92 40 79 10 79 86 54 56 42 70 26 30 93 11 80 42 39 53 
89 65 51 11 15 34 91 12 68 88 30 95 22 0 12 19 66 24 69 21 83 75 92 49 95 64 53 42 10 55 22 89 60 37 17 21 83 54 13 78 38 21 12 73 58 13 71 22 15 40 68 11 18 25 22 54 67 66 47 69 46 51 35 91 84 58 66 75 13 64 60 87 22 16 31 64 60 74 41 23 19 
85 92 95 94 32 10 76 23 51 83 92 13 88 49 0 23 53 93 24 62 95 97 68 85 44 94 28 50 28 84 43 12 30 76 12 82 34 57 98 63 46 27 80 77 53 65 62 46 67 93 81 46 37 90 35 55 61 54 70 95 24 61 51 73 76 37 92 82 58 63 34 74 78 38 12 92 92 80 61 13 16 
53 34 61 27 32 12 54 50 56 70 47 35 71 28 43 0 95 16 33 23 78 33 15 98 84 40 36 61 63 95 88 87 78 18 94 49 46 37 60 62 40 88 27 65 99 11 33 42 26 67 93 67 38 67 91 38 21 94 68 87 68 41 96 83 23 86 70 78 62 11 13 48 39 97 26 13 18 49 62 52 58 
52 27 18 82 41 25 93 79 17 43 26 34 60 78 38 22 0 57 85 13 55 58 18 91 93 78 82 27 33 15 30 70 16 59 33 43 64 77 97 37 67 76 69 56 95 20 20 36 77 26 14 12 60 78 57 98 72 50 18 43 16 53 56 63 94 99 14 80 50 16 90 99 51 71 47 75 79 54 88 52 71 
96 32 67 41 84 69 56 19 94 45 73 58 79 56 61 96 93 0 75 53 95 73 44 42 39 21 56 85 77 64 18 17 21 22 23 16 16 14 22 41 89 26 64 15 45 92 88 65 37 47 33 67 23 63 93 49 21 62 11 59 59 26 44 46 69 25 59 39 35 40 35 56 91 75 86 16 13 87 34 80 81 
34 99 21 22 18 23 15 33 47 49 35 28 74 52 98 62 77 21 0 95 16 65 66 52 50 74 53 72 69 60 58 81 57 48 72 85 68 32 11 16 17 21 19 87 59 17 12 19 21 73 15 52 59 81 11 62 42 35 24 93 20 59 51 33 90 90 97 72 64 11 82 19 64 86 20 59 32 76 67 30 94 
94 58 98 17 19 98 45 19 57 73 41 94 38 54 35 90 75 53 20 0 29 95 72 33 80 54 37 23 37 52 94 44 47 22 18 17 56 81 25 27 29 77 27 54 23 27 67 44 38 27 47 35 41 13 45 75 52 17 13 47 76 71 41 30 59 49 18 53 52 99 22 47 43 83 58 55 76 71 45 86 40 

95 72 25 45 36 98 42 69 55 11 84 20 96 15 87 13 48 24 34 25 0 54 79 50 24 28 57 30 13 93 65 96 41 90 37 27 91 51 98 29 53 42 72 10 19 92 33 64 47 79 15 73 38 19 23 67 65 95 11 27 14 18 27 87 83 87 75 41 55 44 97 82 45 54 64 33 68 77 87 31 75 
38 48 46 64 97 26 73 90 54 33 62 26 86 62 33 77 37 61 21 46 23 0 24 24 46 27 51 87 20 29 52 17 34 61 76 84 13 43 71 57 43 26 82 25 60 87 28 50 62 90 97 37 39 26 12 80 28 27 66 70 20 16 52 67 29 32 64 68 44 80 66 29 18 44 81 82 40 45 17 81 78 
88 46 35 72 24 11 34 73 48 53 47 23 16 33 21 80 93 61 95 23 87 73 0 22 23 28 79 90 42 39 21 98 80 78 64 56 99 14 80 58 90 91 29 48 82 82 69 86 72 18 16 57 16 14 95 87 80 81 43 53 33 50 25 82 54 19 78 16 43 31 37 83 58 85 11 19 85 71 22 60 94 
71 56 86 60 61 58 89 76 20 46 27 94 25 55 90 92 82 40 74 78 65 97 51 0 93 62 21 22 18 25 20 32 84 21 96 50 17 19 91 89 21 29 51 62 73 84 42 46 73 72 73 85 56 34 70 53 69 97 88 49 58 59 99 98 20 26 46 49 66 45 49 85 48 25 53 80 92 45 72 97 80 
97 48 92 90 94 45 14 93 80 34 80 88 78 75 60 89 96 62 47 68 61 92 46 10 0 23 74 70 95 38 55 98 72 18 30 22 45 99 30 49 26 14 44 62 24 51 88 37 38 22 37 46 63 14 52 73 27 24 71 40 27 97 70 64 85 70 46 37 91 14 99 90 53 24 39 67 38 34 86 63 19 
69 35 19 81 69 73 61 62 63 60 28 41 21 53 68 43 99 43 98 68 24 96 82 38 23 0 14 71 10 77 43 67 57 89 79 26 42 37 83 19 91 88 78 14 41 99 99 85 87 19 12 23 48 23 65 37 23 61 46 87 51 80 51 29 37 41 68 27 89 14 60 62 12 57 87 18 11 43 58 72 56 
77 98 14 10 59 32 83 57 89 96 72 38 96 36 21 43 68 64 62 40 38 86 66 83 51 70 0 20 89 51 96 69 45 49 80 66 31 98 39 68 55 98 73 36 15 19 46 54 25 57 18 35 24 39 49 42 28 83 21 55 42 25 71 39 90 51 31 12 35 36 80 21 82 66 53 30 90 51 16 32 80 
74 74 53 42 28 29 15 35 14 34 59 93 89 22 89 65 19 26 32 57 78 85 36 70 50 87 98 0 46 61 86 82 19 16 23 38 35 39 81 32 21 45 54 28 78 82 79 73 45 59 83 93 37 48 63 89 97 93 27 52 87 65 55 76 52 52 22 36 14 16 52 34 65 22 72 73 35 52 75 70 19 
31 57 23 91 70 46 45 38 86 10 25 45 85 94 55 14 98 56 59 24 84 56 13 68 15 43 13 99 0 39 95 22 41 99 84 55 48 95 31 11 13 45 66 83 84 12 31 50 54 53 74 95 51 31 88 72 42 89 98 34 33 38 11 71 85 49 63 49 60 71 16 55 85 52 76 87 64 74 31 87 58 
80 55 33 59 63 67 20 85 40 42 57 13 49 44 24 64 71 54 36 52 57 40 84 21 10 74 58 81 67 0 91 63 72 59 66 79 53 46 47 69 79 54 60 58 35 64 13 42 47 59 92 19 32 51 93 23 13 99 63 72 13 16 91 91 83 79 52 73 26 97 37 28 55 51 38 20 93 70 62 17 36 
61 88 54 98 53 72 30 46 61 89 85 89 77 25 48 24 21 62 17 98 13 71 41 44 98 38 89 36 76 31 0 11 38 94 85 85 97 99 12 93 74 20 23 74 20 54 15 71 93 95 76 59 65 53 71 83 37 10 33 68 29 45 54 32 28 16 56 93 18 11 35 70 94 73 52 27 87 33 13 95 27 
42 31 52 61 93 73 52 95 58 53 96 78 87 81 11 56 19 28 97 71 88 39 59 70 19 15 64 89 59 53 13 0 74 95 63 16 31 61 35 17 28 98 83 45 17 79 35 43 16 60 98 87 50 17 56 26 83 15 27 67 25 81 87 61 66 59 67 46 62 93 15 71 48 99 21 31 73 29 43 62 19 
 
56 27 26 58 38 44 42 60 67 37 80 99 58 30 20 29 38 75 81 70 88 73 70 13 22 32 46 23 60 33 32 12 0 55 24 81 25 87 53 34 29 26 44 91 65 30 85 83 51 95 70 14 27 65 33 37 10 79 96 40 71 70 26 87 75 24 32 48 39 84 19 84 75 25 33 53 38 66 84 74 90 
57 87 56 32 99 57 83 80 97 66 62 37 15 49 56 99 34 30 86 89 79 60 24 74 52 95 82 15 87 60 34 39 82 0 17 55 69 36 13 61 92 91 41 88 21 72 46 68 27 90 15 95 72 23 78 67 32 36 80 94 34 39 69 88 83 13 14 66 70 70 69 72 34 27 34 36 22 47 22 17 69 
45 82 44 12 50 92 43 78 34 67 93 85 28 66 63 53 69 88 61 58 85 42 88 84 36 43 84 71 30 11 41 39 55 95 0 98 51 77 73 35 93 84 30 87 95 22 97 32 47 98 46 82 10 77 78 16 80 51 76 23 58 55 67 17 82 20 19 76 50 86 29 56 20 93 48 53 54 83 73 36 33 
15 83 34 86 19 58 68 24 88 97 41 39 21 93 37 93 29 56 62 47 89 99 64 33 86 65 33 92 34 86 12 58 89 86 81 0 38 24 22 88 56 36 66 40 29 58 35 80 32 25 63 43 84 24 39 84 28 54 80 37 72 54 42 12 81 96 96 74 45 18 21 24 13 58 72 86 10 60 26 87 74 
89 54 47 23 99 67 47 91 37 54 77 47 69 31 77 66 77 37 51 74 57 19 92 49 77 96 97 60 56 20 98 25 66 40 48 58 0 76 24 74 36 47 14 65 25 84 19 72 65 57 49 88 81 21 39 57 21 57 79 82 19 38 63 48 46 34 58 48 45 93 94 12 29 96 12 12 58 56 86 94 53 
24 25 83 50 22 84 77 68 71 60 74 19 73 59 38 80 90 31 49 22 57 66 22 31 29 34 16 65 16 48 22 15 91 85 37 94 85 0 98 43 80 10 42 49 26 41 12 71 23 52 78 98 25 43 18 45 10 90 33 78 18 58 61 28 25 13 98 30 45 84 45 90 10 98 99 84 38 27 71 82 51 
65 38 75 38 61 70 59 79 91 14 13 64 42 45 55 76 85 44 65 39 35 63 35 74 24 84 26 95 78 42 42 11 24 22 80 87 75 38 0 71 83 67 32 90 79 36 52 62 17 93 84 90 17 43 84 64 18 80 18 69 13 89 10 80 66 71 37 89 74 90 38 66 64 69 50 38 57 23 71 74 16 
62 96 59 92 44 36 50 64 33 84 74 18 86 77 34 20 70 36 48 34 25 76 75 36 60 18 23 25 89 52 28 17 91 37 61 36 70 59 87 0 56 76 90 77 34 83 11 77 88 37 27 84 85 70 24 38 86 29 90 84 64 52 58 92 69 32 46 94 55 64 64 85 86 98 65 33 46 41 63 46 84 
18 66 51 97 56 85 34 63 32 77 91 46 75 91 51 37 86 70 74 87 72 62 46 63 96 17 65 78 76 27 45 41 49 92 11 99 34 99 35 67 0 39 94 96 35 52 42 99 67 59 79 67 33 54 17 35 82 94 43 36 30 34 94 45 16 96 73 98 88 85 25 75 57 89 32 52 58 53 87 54 40 
78 41 83 46 83 48 38 72 49 46 60 25 18 63 20 57 77 97 58 74 65 21 94 76 79 47 69 35 73 87 58 92 64 87 66 18 11 96 91 29 99 0 27 14 70 82 52 12 28 10 63 57 15 86 48 97 58 46 56 48 92 40 81 19 58 66 96 24 55 30 93 51 17 29 61 84 13 76 20 80 22 
59 19 84 69 38 14 56 10 11 42 26 52 78 95 22 19 43 34 64 44 27 84 83 24 66 56 90 28 98 50 35 40 90 54 17 67 18 94 22 28 32 66 0 46 48 26 87 73 95 25 69 76 28 90 41 79 21 86 10 44 27 64 36 49 55 91 35 30 72 26 11 13 32 84 88 29 34 40 41 25 25 
15 50 88 25 59 14 29 61 74 18 50 63 99 60 98 95 74 49 73 44 28 17 41 10 54 12 99 64 34 65 99 53 48 80 99 67 15 45 54 37 47 34 35 0 69 22 16 22 38 68 99 62 75 83 57 19 18 74 17 89 83 72 75 79 41 20 50 92 24 70 40 32 40 74 60 77 71 51 38 32 37 
  
16 78 32 42 55 94 25 82 23 52 55 23 91 59 58 98 67 34 55 99 66 43 63 64 87 17 72 11 24 39 97 75 24 57 77 91 66 62 72 75 86 72 15 66 0 12 27 49 89 38 69 31 65 77 94 46 49 91 13 50 44 57 76 65 44 11 51 35 86 23 37 36 59 13 16 69 97 68 21 43 82 
79 65 66 68 20 19 75 89 61 69 47 33 40 91 18 68 77 85 30 47 42 55 14 15 47 13 29 63 59 62 79 60 28 24 87 88 87 46 71 31 73 48 68 82 82 0 15 90 25 97 74 82 28 31 92 31 52 39 86 88 20 72 10 22 92 97 39 42 92 78 31 62 50 98 61 75 11 60 29 38 89 
80 55 45 79 43 93 61 18 39 35 94 48 24 52 83 78 54 32 74 36 72 98 65 13 63 56 70 50 21 55 23 44 93 25 32 70 38 21 31 70 92 64 25 10 19 14 0 80 37 97 59 30 62 51 87 71 42 40 51 85 86 35 96 73 59 58 79 79 44 84 92 56 91 89 48 91 52 23 45 28 49 
44 89 32 78 51 94 80 37 66 27 92 72 68 92 84 84 96 21 12 20 37 83 17 47 92 41 96 17 34 67 90 69 96 71 22 78 11 95 55 86 30 83 95 88 72 41 81 0 52 30 30 54 61 26 95 23 76 80 46 27 84 44 20 48 76 86 28 71 92 73 55 25 99 39 50 61 82 10 14 50 34 
90 44 76 70 75 14 85 49 88 99 60 31 84 75 43 93 69 99 28 66 39 36 19 30 97 19 24 95 65 29 68 82 79 81 12 36 28 69 29 47 80 91 83 98 51 66 69 69 0 66 11 97 16 14 55 24 16 94 14 74 15 74 31 42 35 12 56 35 79 28 68 94 40 63 98 28 11 65 92 17 49 
73 71 63 70 36 65 69 51 64 71 99 64 55 44 86 32 58 87 91 78 77 49 11 23 44 27 81 59 47 87 59 74 44 97 72 26 95 50 55 42 18 61 31 25 82 46 43 77 47 0 66 72 41 69 68 23 78 90 45 47 60 32 97 89 37 87 30 77 24 81 82 54 44 42 91 69 73 45 87 90 18 
33 28 37 62 93 14 83 79 71 97 38 28 77 60 82 52 75 14 62 61 19 75 23 95 66 64 79 16 46 69 96 74 53 92 16 64 49 71 73 94 13 18 99 73 56 95 56 15 86 54 0 78 57 13 78 87 90 95 82 41 78 74 67 96 24 35 63 94 77 21 66 26 67 52 59 67 89 15 38 88 19 
54 10 82 86 61 58 32 39 36 60 11 20 80 85 39 90 55 80 22 78 54 47 51 72 99 65 53 48 46 78 48 36 22 15 24 83 34 17 49 94 26 36 15 35 98 54 52 60 61 62 93 0 97 72 12 39 66 30 67 64 73 78 47 88 65 47 31 30 75 14 45 36 71 99 81 46 25 84 36 23 91 
34 54 62 74 37 46 91 78 41 98 98 46 55 53 68 73 11 47 81 44 44 35 37 14 22 61 60 78 10 93 23 42 67 76 71 44 38 49 96 13 93 93 44 53 29 17 15 80 97 93 75 36 0 36 92 11 93 62 13 41 85 58 68 99 32 39 86 15 24 61 18 70 27 11 41 84 28 71 13 59 19 
86 86 96 91 40 64 75 95 65 42 75 32 13 21 23 91 16 81 60 50 20 75 66 94 36 88 15 48 45 48 77 94 43 93 96 82 68 64 77 45 12 31 66 19 63 99 62 57 47 75 86 38 72 0 50 91 39 41 17 81 74 19 62 92 41 23 43 77 30 94 25 68 22 22 57 11 31 98 70 90 23 
21 82 79 93 31 27 26 14 58 56 67 72 66 46 35 29 20 37 23 43 31 89 29 34 18 17 22 18 37 27 79 60 12 38 57 75 71 57 26 62 18 92 79 53 20 62 90 33 50 10 82 29 88 67 0 85 77 78 32 96 77 70 24 80 68 65 74 51 43 54 72 43 42 58 29 74 49 13 78 38 90 
98 11 51 81 77 33 69 17 92 79 16 15 67 83 48 39 87 26 13 19 99 27 60 18 76 10 43 26 98 32 56 40 19 82 68 90 79 87 14 77 49 13 65 65 43 52 71 33 81 50 77 69 94 35 26 0 99 66 36 95 23 59 58 93 65 18 43 95 40 75 20 18 94 45 16 16 88 94 85 83 44 
 
95 67 22 66 61 76 86 79 61 50 24 33 22 44 90 23 70 61 63 77 84 86 76 33 46 77 47 33 38 16 98 58 87 56 21 53 93 82 85 21 87 73 79 58 45 58 10 56 75 50 93 13 22 56 14 95 0 96 26 31 80 38 93 63 66 81 96 78 22 70 75 11 33 82 88 66 44 97 44 48 88 
80 58 71 21 93 70 20 26 38 24 60 25 98 62 31 29 80 36 10 91 22 75 87 76 76 52 57 70 59 74 92 72 76 34 76 50 15 84 64 76 17 79 50 19 18 41 82 12 70 91 17 53 37 36 68 47 27 0 64 60 52 56 27 41 60 71 86 30 56 95 74 72 15 60 40 20 42 89 83 76 97 
85 10 41 58 56 60 43 42 47 39 40 96 96 36 84 21 18 19 11 71 59 52 40 18 59 23 45 36 45 25 39 16 92 52 42 75 98 79 55 32 24 94 15 57 54 93 41 76 60 18 28 36 85 52 63 90 63 62 0 59 69 28 49 46 93 38 36 87 70 45 95 36 83 32 36 58 30 11 99 23 97 
77 90 39 36 38 19 68 48 15 54 33 83 43 24 82 95 38 24 92 63 19 44 15 83 55 74 90 39 75 16 34 96 76 12 37 58 74 37 87 76 68 41 69 62 62 66 83 13 86 30 15 39 62 86 30 23 75 65 80 0 32 88 31 14 74 86 97 57 89 47 57 54 56 92 29 44 91 19 17 97 28 
25 65 92 84 34 88 47 84 36 79 79 79 76 46 17 58 29 46 28 64 58 35 44 22 95 49 14 30 56 88 33 80 24 59 55 95 82 64 76 65 58 15 47 65 53 14 65 25 44 58 49 35 49 67 77 28 49 54 96 99 0 88 15 37 91 19 69 27 79 26 49 57 48 78 90 47 85 66 93 31 13 
86 68 60 63 88 48 28 64 56 43 83 74 49 51 58 91 33 74 82 12 40 67 91 11 77 81 95 81 64 27 37 54 53 55 64 60 22 44 22 31 57 27 39 94 21 92 55 48 29 74 57 70 61 37 70 20 17 36 51 73 55 0 78 28 61 32 88 19 88 53 84 71 75 99 42 16 60 35 76 28 80 
26 70 79 17 25 79 83 41 91 12 47 44 82 54 13 15 16 30 87 71 89 63 44 29 96 41 35 20 31 13 22 26 56 12 69 88 32 39 99 60 39 93 64 43 28 29 27 92 39 42 28 80 81 89 23 24 55 42 84 97 57 71 0 36 66 25 97 20 58 95 11 84 56 22 42 80 58 64 11 91 76 
14 30 81 50 29 50 10 28 66 12 11 29 78 74 33 13 30 68 42 71 72 83 43 55 47 72 73 83 92 62 27 25 78 53 34 33 37 98 54 14 56 55 30 44 72 18 78 24 59 16 72 15 53 61 62 92 85 38 17 16 86 80 18 0 43 83 15 23 81 59 65 56 32 98 28 91 49 57 94 14 59 
24 54 62 70 51 93 85 52 12 95 88 12 22 77 43 40 38 99 22 39 69 37 64 14 75 61 62 16 88 10 14 11 81 21 36 43 28 83 99 21 57 12 11 52 47 47 29 89 56 41 77 58 37 68 99 18 52 47 11 52 77 55 60 94 0 43 94 89 47 26 47 63 59 21 52 77 98 51 61 19 49 
22 36 17 76 81 72 64 22 21 60 35 54 84 31 51 64 45 81 32 24 45 83 79 87 56 45 68 90 28 71 53 24 53 67 61 99 10 39 56 46 56 55 42 42 52 88 60 63 28 87 61 90 12 43 84 96 39 40 75 79 97 48 32 88 77 0 33 27 42 93 60 26 43 60 89 22 70 85 39 73 35 
78 44 81 32 62 83 87 66 23 55 33 96 18 59 54 95 46 95 46 63 27 36 19 48 26 99 73 18 41 60 81 64 32 79 72 39 70 81 27 66 59 51 70 93 73 60 77 89 71 40 15 78 15 87 45 10 65 64 39 47 67 14 72 24 21 50 0 49 21 92 86 39 65 59 28 31 84 31 26 79 56 
65 61 44 20 90 86 47 85 42 31 31 89 79 56 20 37 71 14 44 88 15 66 90 23 95 31 11 73 18 10 52 67 23 61 92 88 73 83 82 73 83 23 95 50 41 12 78 15 35 37 24 52 40 66 94 85 96 50 26 69 20 52 15 76 26 25 66 0 88 31 75 41 59 13 33 29 62 99 60 81 29 
 
52 28 16 50 95 77 36 23 47 78 86 21 22 88 30 66 36 18 38 94 61 32 17 31 91 90 77 83 55 88 53 27 13 43 50 93 66 17 73 93 11 25 95 95 40 44 72 92 11 95 78 35 39 13 56 92 99 90 78 53 74 38 10 10 54 95 48 47 0 16 99 52 55 57 26 79 75 16 70 54 56 
96 89 30 59 17 50 59 23 79 15 68 85 59 78 70 91 75 71 57 94 99 28 70 77 91 42 91 83 28 28 98 43 67 83 44 53 34 13 37 52 92 36 10 27 80 30 26 76 18 40 78 15 57 68 69 29 42 40 31 48 27 30 99 72 56 31 29 37 56 0 58 73 40 32 75 89 99 39 76 73 73 
51 39 39 55 62 99 50 32 99 49 95 39 98 46 84 23 73 20 79 21 74 15 68 63 21 87 70 28 38 66 69 31 97 69 71 24 74 19 43 22 58 22 27 44 52 12 98 92 69 33 66 10 50 34 98 45 35 97 74 16 21 11 56 47 79 89 35 52 90 16 0 94 70 60 90 68 38 83 69 36 68 
39 39 70 38 60 11 78 95 10 47 33 69 37 90 25 43 13 94 55 19 88 30 69 89 12 16 66 81 84 76 97 80 54 62 55 88 14 92 28 28 42 30 18 31 10 43 40 22 58 33 60 86 76 65 82 87 78 97 84 37 32 35 48 24 68 17 42 73 94 51 56 0 89 35 48 27 58 22 59 99 82 
18 78 42 24 17 14 92 97 33 45 31 85 27 55 75 28 42 80 63 93 11 12 20 40 97 72 46 58 92 16 65 58 46 74 98 27 29 68 13 14 98 55 70 29 31 12 93 53 61 44 76 84 84 22 78 19 70 53 19 71 44 56 82 91 61 27 29 25 97 41 64 60 0 37 55 50 42 48 40 37 26 
39 66 13 76 83 11 79 62 98 18 71 10 31 84 91 11 44 80 52 49 59 76 42 19 53 86 57 54 12 64 62 63 99 69 86 56 78 42 29 35 83 12 54 64 19 52 96 87 18 97 59 83 39 11 93 90 97 26 20 71 12 22 37 71 48 38 66 65 89 77 91 72 44 0 44 33 42 10 73 94 27 
55 95 77 81 62 67 36 32 32 40 29 34 12 81 28 89 44 75 81 95 46 57 60 74 29 69 57 73 19 83 64 89 18 40 88 36 42 46 82 73 78 67 70 16 51 45 52 45 26 82 53 78 56 42 70 73 54 83 63 82 14 96 92 48 33 95 92 75 17 93 50 60 19 66 0 49 63 61 70 66 67 
61 22 36 86 61 39 24 50 44 92 86 67 59 26 71 47 37 10 41 52 73 76 71 69 91 99 65 95 32 50 84 58 98 23 54 32 36 29 75 22 82 39 76 91 78 13 50 63 89 38 51 25 72 43 90 66 31 32 98 51 71 59 17 63 57 73 34 51 99 56 88 23 96 78 80 0 94 13 97 78 44 
85 32 61 83 77 26 88 29 31 38 30 47 30 27 13 60 64 55 70 73 58 98 62 52 91 67 10 44 71 78 66 82 78 59 13 40 41 89 43 40 79 90 53 40 31 61 93 46 59 81 37 43 44 75 92 65 50 51 92 62 87 33 55 96 45 86 47 89 38 78 16 89 26 97 69 26 0 64 71 73 98 
33 32 76 95 17 57 47 48 90 94 15 42 60 38 76 87 17 78 61 15 14 21 40 85 49 14 45 65 56 58 20 36 12 70 12 67 79 40 93 59 52 35 21 21 43 54 59 78 40 44 83 78 55 18 21 21 77 21 91 88 39 12 69 36 42 97 56 26 42 54 47 28 36 13 37 17 79 0 83 73 67 
21 28 72 30 75 89 86 80 97 86 38 32 89 49 82 65 56 42 94 96 22 68 54 85 16 41 76 90 39 53 43 96 15 85 50 11 41 56 11 80 89 22 41 37 67 54 88 28 13 71 65 84 32 17 81 97 17 74 20 46 32 53 61 30 52 97 89 42 43 29 62 11 61 38 43 85 39 37 0 12 63 
24 34 11 24 19 81 47 61 68 49 33 51 78 55 56 58 27 53 59 87 87 11 30 62 22 23 75 61 81 33 95 29 15 90 46 30 61 17 16 46 58 11 62 22 11 16 46 32 19 65 38 80 84 60 26 97 25 69 61 57 54 67 16 89 35 20 45 93 60 86 17 48 50 13 57 56 90 59 80 0 30 
 
58 80 38 27 74 77 18 69 73 19 94 61 32 41 31 17 11 25 74 14 88 10 45 77 90 30 42 52 41 24 56 41 37 80 70 12 78 60 58 45 61 62 74 26 85 13 51 87 77 90 92 21 25 80 45 52 43 31 53 50 28 89 10 14 71 84 32 73 36 98 70 81 73 35 51 15 94 19 51 14 0 