0 26 8 29 31 39 19 1 15 47 39 3 14 48 28 35 3 4 24 41 12 8 48 27 40 14 25 29 43 42 18 34 46 38 28 36 9 1 37 30 40 23 5 9 23 12 3 25 3 45 12 21 33 25 21 14 10 13 32 25 1 40 50 23 16 18 4 9 30 36 7 7 17 20 28 30 50 43 44 28 37 
50 0 21 22 8 26 2 14 35 46 46 49 4 9 22 43 44 27 6 8 37 3 42 19 50 33 26 15 48 34 8 2 13 20 32 37 23 2 14 23 19 7 42 20 27 37 10 24 42 26 50 43 40 20 44 20 23 35 48 32 44 29 43 14 42 6 39 3 15 2 1 21 10 5 2 3 5 48 34 44 5 
18 47 0 36 38 23 43 36 2 21 17 28 14 37 9 8 36 42 16 30 46 10 17 24 49 3 35 4 32 1 2 11 15 32 28 35 28 18 49 20 44 34 25 32 40 6 3 33 15 47 18 26 9 42 31 15 6 21 30 46 37 18 49 21 24 37 48 2 35 47 23 10 7 24 41 1 44 37 37 13 5 
50 36 24 0 16 7 15 20 6 1 41 26 24 23 40 43 26 50 21 1 8 41 28 46 8 13 22 5 4 25 46 10 26 44 26 19 38 49 31 33 45 36 26 6 32 12 17 49 45 9 29 8 49 38 16 25 40 49 42 12 47 44 49 3 49 42 47 36 9 4 10 11 48 14 24 23 7 29 40 8 45 
25 15 27 12 0 28 49 31 33 35 25 6 24 48 22 8 44 37 15 12 36 34 21 26 49 14 48 6 42 32 42 8 4 3 44 24 28 39 32 42 24 25 46 16 14 16 39 45 18 9 34 21 29 21 44 4 44 31 44 30 48 49 22 33 24 22 6 3 47 25 15 12 24 48 18 18 10 24 16 10 16 
23 30 46 33 15 0 25 44 47 4 35 5 16 39 46 36 39 29 33 37 5 4 32 36 33 15 29 38 29 8 36 17 24 27 49 11 29 2 37 40 8 37 21 42 25 38 34 3 17 40 15 2 29 1 8 36 25 39 43 7 13 36 14 41 1 3 35 47 40 39 23 42 15 39 23 42 48 2 28 20 12 
6 10 30 47 32 24 0 38 50 31 49 44 45 48 40 9 37 15 16 25 3 48 39 37 32 6 20 41 28 9 17 41 4 22 28 30 22 11 32 49 36 36 42 42 10 40 32 34 46 46 48 23 46 19 47 3 25 10 38 44 34 21 4 25 41 37 46 1 30 21 32 1 41 22 32 1 19 18 46 17 48 
41 43 47 35 43 36 26 0 38 49 40 43 19 37 45 10 29 10 43 41 45 31 47 31 49 12 50 34 38 41 7 29 31 5 42 11 23 32 6 19 43 40 48 3 1 47 50 50 3 1 23 17 36 23 11 21 38 31 23 44 14 45 48 9 46 27 19 1 14 33 29 28 44 31 28 46 16 15 32 16 11 
7 16 10 25 50 23 47 26 0 32 5 19 11 6 5 4 25 22 49 47 44 26 14 33 9 38 22 8 29 33 9 34 34 5 50 9 30 26 31 15 44 38 13 40 6 18 46 20 3 9 31 1 10 9 19 27 44 38 48 11 26 33 45 30 3 22 49 21 4 27 1 19 22 31 25 22 28 21 34 49 7 
50 43 41 22 36 40 48 12 48 0 4 48 5 34 8 5 12 47 33 48 38 38 24 30 35 44 3 42 14 48 28 28 29 24 47 7 11 18 11 46 37 28 3 20 4 4 20 23 24 15 11 16 48 7 33 2 39 26 41 28 9 23 26 37 38 44 22 15 45 35 50 41 42 24 12 18 30 27 1 36 32 
45 29 26 12 37 42 36 49 7 9 0 26 33 10 44 20 27 49 9 9 19 22 23 15 38 20 39 30 15 21 19 9 50 45 36 4 25 3 7 24 7 22 37 13 37 29 28 6 26 12 10 5 39 9 41 3 43 5 20 39 37 38 47 34 10 22 33 40 19 37 35 18 3 35 8 11 33 25 11 49 25 
13 34 41 28 30 8 20 40 16 49 33 0 9 15 10 1 10 3 36 44 6 45 12 37 33 3 19 34 10 2 4 13 50 11 14 39 39 34 10 26 34 19 44 5 32 32 35 14 38 16 48 13 25 2 23 41 48 42 2 36 23 37 21 27 7 5 36 37 33 35 46 33 35 18 39 2 17 31 49 40 12 
 
38 16 18 12 24 42 40 2 13 37 45 17 0 47 2 43 17 48 47 44 15 39 6 7 45 33 43 18 31 24 41 17 4 42 16 42 34 1 7 16 44 29 4 49 24 14 14 7 21 11 3 50 30 22 42 50 14 23 15 45 47 5 49 15 13 9 12 45 25 27 37 50 40 18 11 12 9 10 42 32 1 
38 20 3 21 40 28 29 10 21 25 5 24 40 0 21 17 34 12 1 4 24 40 13 42 13 17 20 2 9 42 18 40 36 6 45 6 5 29 34 43 7 19 23 32 1 23 12 23 17 36 29 30 35 2 9 46 5 15 40 41 49 38 46 1 33 28 41 46 1 43 4 31 25 5 41 36 47 1 41 42 33 
34 45 25 19 38 29 43 35 39 15 21 43 16 44 0 48 16 9 41 44 17 27 28 17 5 6 7 49 4 24 40 18 22 26 12 2 11 14 10 25 11 18 2 32 13 16 47 15 14 38 17 24 10 45 8 7 18 38 45 23 15 10 5 25 46 13 32 46 4 40 24 38 43 6 16 26 6 50 38 44 13 
47 11 19 50 11 20 45 32 8 30 18 44 30 49 33 0 34 6 6 43 17 42 33 13 5 40 31 29 15 44 9 29 19 1 38 32 44 11 16 6 36 19 28 47 8 14 8 44 26 9 14 50 11 16 6 4 46 32 48 29 13 45 24 37 14 43 47 1 22 3 14 39 38 25 2 28 21 24 38 11 7 
17 41 30 23 5 50 43 14 8 4 42 29 41 4 24 45 0 36 10 49 33 8 3 19 29 7 45 39 2 10 24 48 31 20 2 27 24 3 25 23 28 4 21 25 45 22 19 24 46 1 8 3 17 10 17 24 49 26 29 25 15 8 29 8 18 25 33 16 41 36 43 4 41 20 33 31 35 17 49 34 40 
11 4 42 6 1 18 34 25 9 25 31 16 40 1 25 4 24 0 16 24 23 18 47 10 13 49 41 8 10 21 44 18 21 17 16 14 17 15 23 27 29 13 11 13 16 4 24 43 31 39 34 39 7 33 23 35 43 27 24 47 25 42 18 6 29 37 12 33 46 10 13 4 35 17 28 18 13 13 23 45 45 
21 50 4 31 39 39 46 40 33 14 6 41 1 31 21 3 42 29 0 40 17 11 50 21 7 48 25 23 3 31 18 25 14 50 12 12 46 7 18 44 48 26 9 46 26 36 7 47 7 19 34 15 43 34 32 38 43 24 20 31 35 32 24 11 26 9 49 11 22 33 5 26 37 31 36 4 33 17 44 18 16 
16 29 22 11 1 36 46 25 42 41 48 8 44 13 27 3 16 28 28 0 22 11 36 40 17 10 24 1 18 20 8 9 46 6 50 15 17 38 22 29 1 33 21 11 20 43 19 22 30 3 3 48 46 13 19 17 38 24 29 6 22 48 17 38 7 12 50 47 3 19 6 27 21 4 31 23 31 28 27 46 11 
33 32 12 39 11 19 20 17 41 50 37 43 31 9 23 11 29 28 21 36 0 41 1 30 35 47 39 32 16 19 2 1 45 36 38 25 8 50 16 31 25 33 46 50 36 49 1 9 25 38 43 40 10 50 38 19 13 3 16 37 5 12 28 48 18 49 28 13 10 34 31 20 28 18 35 28 48 2 39 42 1 
28 29 16 39 36 37 49 21 12 46 29 18 13 13 39 25 40 46 14 24 41 0 1 16 21 39 34 22 10 50 27 2 50 4 40 8 44 35 12 49 14 44 34 49 50 40 4 40 42 50 29 17 31 21 35 38 33 32 11 5 5 44 48 7 33 4 39 43 9 5 40 7 4 15 49 1 21 46 39 38 6 
38 48 13 30 6 34 34 4 47 14 6 4 32 23 11 48 5 35 47 49 8 49 0 40 24 10 33 17 14 7 44 9 20 2 13 15 30 7 13 6 47 3 29 17 46 50 18 22 48 32 48 5 24 3 22 9 14 19 28 24 9 33 6 29 6 47 38 34 50 32 39 48 30 29 24 37 44 4 11 18 36 
14 26 12 49 20 29 20 29 9 49 34 50 6 16 19 36 14 48 12 9 33 15 36 0 36 13 49 25 9 14 26 36 40 34 1 13 14 11 14 19 3 30 39 15 4 18 32 3 4 32 40 36 32 34 28 20 15 21 25 47 23 10 38 3 46 36 25 10 18 14 18 29 24 38 30 41 29 46 30 7 44 
8 10 42 31 11 48 16 24 26 17 43 29 50 28 44 26 15 12 49 22 35 46 11 30 0 6 17 27 21 50 19 43 8 5 16 43 1 33 36 9 43 20 5 14 7 23 6 29 30 24 13 32 47 21 44 50 24 10 43 40 45 16 41 16 18 2 7 16 16 8 12 37 28 25 19 38 22 33 42 48 47 
12 35 46 50 36 40 23 39 47 16 41 36 2 36 34 29 35 48 3 11 48 16 13 17 28 0 27 33 14 18 27 31 46 16 38 25 42 6 9 37 23 35 4 18 7 24 35 21 32 49 2 15 24 33 1 9 42 31 31 9 6 1 18 32 17 6 50 31 42 15 17 21 2 29 36 30 33 34 39 20 7 
 
35 19 19 28 33 46 31 37 19 45 22 50 16 23 22 23 19 43 5 15 35 49 31 29 34 37 0 48 4 49 8 31 9 11 19 4 19 10 19 11 8 48 2 16 48 23 32 43 1 48 15 18 46 1 15 39 29 28 31 28 31 19 32 31 17 38 31 48 5 2 6 35 39 45 36 47 7 14 17 11 41 
22 22 47 5 7 1 8 32 38 17 39 38 46 26 40 15 16 42 8 21 22 16 42 15 15 26 23 0 17 23 43 47 44 40 25 38 37 18 18 16 40 17 13 16 10 40 7 30 26 15 49 3 34 46 3 3 34 44 43 24 24 2 43 37 18 6 1 26 48 41 48 12 39 26 40 47 12 25 35 47 32 
49 46 43 49 16 15 32 39 27 9 10 5 9 5 36 5 43 36 50 35 5 8 10 46 24 39 25 19 0 38 30 7 11 28 45 23 9 23 29 15 28 11 15 31 15 32 23 50 48 34 4 24 24 26 9 38 3 4 12 13 29 29 33 1 33 43 21 26 49 23 22 28 36 3 2 34 7 42 4 49 27 
30 1 45 22 1 5 7 44 44 37 42 23 38 10 47 46 6 29 50 44 12 12 17 47 38 44 49 50 45 0 50 26 37 34 49 14 45 48 20 35 26 5 39 50 12 43 17 32 15 42 21 26 16 46 43 29 42 39 49 26 12 35 39 17 48 13 20 42 29 38 2 10 23 34 15 33 31 22 3 4 48 
46 5 23 13 17 40 40 10 5 20 20 16 21 34 34 2 14 11 27 29 2 38 24 30 16 35 47 25 45 28 0 15 21 17 24 44 34 37 7 45 39 4 6 16 4 41 36 1 33 31 2 3 14 50 35 31 43 46 18 27 27 21 16 46 44 10 29 43 44 50 44 36 43 45 47 38 7 43 19 8 29 
21 24 11 25 47 37 10 30 36 34 41 22 32 17 45 36 3 2 50 40 20 7 5 48 13 47 11 47 31 9 12 0 21 1 36 7 47 4 32 48 5 39 12 21 17 24 25 48 27 29 46 23 26 6 44 23 28 14 23 18 23 1 49 2 11 23 30 33 41 47 12 34 20 22 37 36 39 15 22 11 25 
47 6 33 25 47 10 44 45 45 12 46 41 3 44 27 26 20 33 5 44 24 16 23 9 46 11 31 39 41 11 17 8 0 2 20 38 42 34 14 46 35 28 28 18 40 39 10 29 14 9 5 4 12 47 31 14 24 44 39 3 18 49 8 2 26 11 2 8 28 43 11 35 50 3 48 32 38 44 39 32 11 
1 16 5 39 40 23 34 49 11 35 19 29 33 9 8 48 10 43 6 45 27 46 47 2 7 31 34 18 46 22 44 6 39 0 26 11 44 44 20 8 16 39 49 35 29 11 8 2 44 48 46 47 19 36 17 3 10 41 23 39 33 5 3 18 19 4 41 44 42 49 37 16 48 23 21 33 12 5 2 20 27 
45 41 48 7 10 36 10 39 37 3 39 8 6 6 17 37 7 31 13 6 29 43 46 49 44 49 4 9 13 2 24 26 27 37 0 10 4 15 40 30 7 8 43 12 40 44 30 44 11 32 13 17 22 40 28 27 28 35 45 45 42 14 2 49 15 50 16 1 37 25 31 41 33 45 41 16 24 33 50 23 45 
30 2 2 11 41 4 13 27 29 38 1 18 44 33 37 31 42 13 3 41 9 45 43 30 3 41 34 13 20 28 50 26 50 29 17 0 9 20 13 2 11 26 19 21 15 31 33 44 49 12 17 13 42 29 43 38 24 31 25 7 40 43 50 47 19 37 12 23 16 33 10 47 28 3 10 21 6 13 50 9 31 
10 44 28 22 10 13 45 46 40 23 12 50 14 6 13 4 4 19 38 45 16 18 50 29 35 31 40 36 18 19 44 43 49 7 17 18 0 3 13 18 46 14 8 33 29 46 5 8 15 23 19 5 38 47 45 7 5 21 26 19 32 11 7 15 3 46 36 17 15 11 27 27 48 22 27 23 42 1 32 28 14 
5 18 33 1 36 19 37 38 6 15 26 6 26 46 10 33 7 17 48 2 38 43 35 14 50 30 13 29 20 33 36 7 21 45 13 31 11 0 5 46 14 16 22 32 10 41 26 18 1 45 7 17 13 29 7 28 8 44 49 15 45 44 50 26 43 36 27 5 19 35 24 46 7 42 20 2 17 4 30 33 11 
29 31 13 27 14 9 49 48 40 8 8 18 12 34 10 27 29 50 4 16 28 4 46 11 31 50 44 14 45 28 37 34 30 11 36 2 4 12 0 22 44 34 21 34 3 39 6 1 5 10 13 33 45 4 37 48 10 28 8 47 13 50 6 41 47 33 20 16 39 44 49 13 38 33 18 18 48 31 37 17 32 
50 24 48 44 12 27 24 42 24 12 44 32 4 17 5 2 7 3 10 44 46 9 45 50 25 14 2 2 31 42 36 19 36 46 32 47 14 23 33 0 37 11 42 19 2 5 8 32 50 45 46 50 46 3 47 12 32 6 3 50 47 43 40 19 26 3 1 9 3 1 10 37 17 30 30 21 8 3 29 18 9 
 
41 20 20 14 20 44 8 44 34 48 14 16 45 7 18 26 24 18 20 26 30 36 48 9 43 8 39 3 42 48 5 20 12 31 12 7 37 16 41 33 0 38 38 37 30 27 22 33 3 39 14 50 38 45 31 16 26 36 49 31 23 50 9 13 15 37 29 38 6 4 42 15 9 6 9 46 30 18 5 30 41 
11 15 42 50 24 24 14 14 43 41 46 33 16 11 28 15 7 22 10 42 10 42 1 17 25 8 37 21 44 22 20 39 25 30 29 6 26 1 1 46 16 0 31 29 41 16 15 43 28 31 40 20 44 10 4 32 23 8 38 17 18 7 1 41 9 44 49 5 3 19 18 36 8 8 4 48 16 34 11 32 46 
9 45 50 7 50 41 15 46 18 49 23 44 21 17 49 12 23 48 37 8 3 34 31 22 41 48 8 42 28 31 32 33 6 12 23 26 9 21 38 34 9 31 0 35 39 48 35 29 22 41 16 45 38 24 14 37 7 6 46 48 14 36 18 5 15 47 46 31 31 11 37 39 10 14 49 2 17 48 21 3 25 
15 48 14 11 10 12 25 39 34 31 7 33 34 47 25 6 12 10 22 49 29 2 20 3 49 42 29 39 33 48 43 1 31 1 25 45 11 50 7 27 7 15 37 0 44 31 30 21 32 48 10 45 4 49 39 8 31 30 22 41 21 30 50 16 38 4 11 10 29 24 37 43 9 44 46 24 48 23 39 11 17 
43 22 7 17 16 23 42 6 28 9 12 21 1 41 4 37 3 46 30 42 15 45 49 5 5 29 24 36 14 30 43 33 50 36 48 2 11 43 29 8 8 30 7 16 0 14 46 13 30 2 45 32 1 45 13 29 43 42 24 44 41 17 38 9 22 39 45 21 16 44 15 29 3 20 38 3 30 36 1 28 2 
16 1 37 5 35 10 12 45 24 16 22 40 19 24 42 9 37 36 41 49 31 41 34 9 17 23 14 34 17 3 19 43 28 39 29 48 32 27 12 17 20 6 36 10 12 0 16 12 46 45 36 33 32 45 43 46 22 32 2 3 33 40 45 22 17 31 15 39 40 26 19 6 27 4 20 45 49 5 42 21 14 
15 20 13 9 44 33 14 43 34 48 39 24 26 27 17 31 2 49 6 38 5 1 16 24 45 49 2 19 40 41 42 31 28 6 6 49 16 21 14 43 36 49 46 40 47 27 0 25 31 36 42 44 41 4 27 12 32 4 1 8 21 49 34 3 18 31 22 47 23 13 29 44 14 21 12 47 18 47 39 43 26 
20 37 44 2 24 5 37 8 46 41 44 45 49 43 24 13 9 6 32 2 9 16 13 13 5 27 1 9 17 6 18 13 2 24 7 31 20 29 29 14 46 26 28 41 48 2 36 0 27 27 27 38 33 16 24 37 33 33 6 30 2 33 48 8 2 29 35 41 37 45 35 30 3 49 42 3 14 29 35 15 45 
19 50 40 39 8 45 26 2 24 13 45 38 41 17 7 12 44 25 29 50 1 9 42 13 39 41 20 20 39 19 1 25 16 6 21 43 40 26 47 41 9 10 11 2 15 41 25 28 0 28 47 40 42 31 35 12 33 17 18 33 40 18 3 9 37 43 17 3 8 12 29 12 38 1 17 47 49 3 20 45 32 
44 25 42 16 35 2 14 42 16 36 36 19 24 33 49 11 27 21 22 13 50 18 45 45 22 29 49 40 47 30 10 50 16 50 12 44 37 26 20 28 35 5 20 26 8 13 33 7 5 0 5 5 42 21 41 27 4 1 37 10 46 50 4 45 44 35 39 43 42 38 43 13 20 21 50 33 30 18 29 31 15 
8 38 3 2 14 40 8 9 35 21 27 37 10 10 17 24 16 12 4 15 48 31 39 43 14 28 41 28 20 16 24 5 43 5 43 13 3 33 22 32 27 35 24 38 43 2 29 5 8 31 0 5 18 25 35 38 7 23 47 42 25 48 33 2 21 36 4 38 26 35 43 3 31 26 23 30 41 37 33 36 24 
46 21 46 16 29 32 39 8 42 23 46 42 46 28 13 31 2 33 16 5 46 42 41 32 40 17 44 11 46 21 11 37 12 17 31 12 42 32 22 40 27 3 7 16 22 12 44 48 48 41 44 0 41 2 42 13 49 20 35 50 16 45 46 37 41 23 31 21 42 44 34 29 25 28 48 1 20 33 23 17 32 
4 23 37 35 8 5 44 14 6 38 19 31 48 32 30 23 40 40 46 15 13 32 19 48 15 12 24 25 11 7 25 46 23 35 15 12 10 42 44 43 40 40 4 35 27 33 50 19 10 17 2 39 0 30 38 10 26 21 24 38 9 4 27 2 50 11 39 15 48 50 36 23 30 42 4 35 35 40 29 46 20 
8 4 18 23 1 29 6 19 30 44 19 11 38 45 6 7 48 22 40 27 24 15 23 17 14 3 1 4 13 36 34 40 36 35 47 32 42 20 15 14 27 11 23 23 37 34 45 1 7 47 36 20 42 0 22 6 34 47 45 27 17 44 39 7 4 5 35 34 11 29 43 24 30 45 24 46 26 32 8 35 42 
 
21 43 14 44 26 7 33 26 1 5 39 17 38 19 27 22 31 15 8 10 4 50 31 33 10 41 41 14 31 37 27 31 46 44 11 29 34 16 1 45 7 8 38 45 29 11 12 39 10 21 41 34 10 34 0 8 6 21 11 47 20 50 20 7 2 33 44 21 25 5 38 34 36 22 40 49 14 27 6 43 35 
12 44 1 28 25 29 10 41 31 8 26 22 25 8 20 28 15 2 41 27 37 11 22 30 16 45 18 9 12 43 9 32 5 10 47 21 7 11 17 6 45 10 33 8 48 31 4 45 7 35 24 14 30 28 21 0 23 10 8 12 15 38 28 49 18 40 21 39 19 26 35 29 5 16 28 26 11 49 11 5 11 
50 37 44 35 18 10 49 40 49 26 2 28 42 2 44 19 23 23 35 14 24 24 29 15 29 31 4 9 31 39 18 24 47 34 26 36 14 27 29 10 22 45 39 39 18 39 37 29 43 32 37 19 28 50 13 38 0 29 11 16 6 46 1 31 5 20 16 35 46 48 25 45 23 10 13 30 12 34 35 7 10 
41 28 46 35 40 1 37 11 4 11 13 45 8 46 12 22 12 21 30 7 10 20 5 29 4 37 1 24 28 35 25 37 37 21 5 11 14 8 26 38 17 34 25 43 12 14 3 12 22 47 31 44 38 27 34 34 27 0 44 10 1 30 45 20 50 42 23 11 36 38 3 36 23 49 6 17 40 49 1 39 37 
29 49 35 7 10 25 44 6 35 18 38 20 23 36 50 32 32 42 38 20 34 18 15 35 48 40 30 44 45 46 36 5 44 32 13 31 47 2 37 24 25 30 48 2 45 34 21 23 45 39 9 5 7 46 38 26 23 38 0 50 44 23 40 8 18 48 20 11 19 49 22 38 33 18 29 15 30 49 43 45 7 
19 4 31 26 37 22 33 9 42 48 8 26 45 9 46 31 29 11 48 16 47 43 33 15 3 11 4 44 16 13 9 1 32 46 38 40 48 28 22 18 2 12 11 22 43 41 28 38 32 37 13 22 43 36 22 27 47 21 3 0 26 43 40 14 45 11 50 41 48 16 50 8 13 29 16 6 11 6 47 34 28 
14 38 26 23 13 28 16 28 24 35 36 1 20 9 9 22 48 38 25 20 39 29 46 10 45 36 17 1 10 1 11 10 27 32 4 1 11 33 25 32 17 45 22 28 18 21 32 13 50 24 36 23 3 7 29 20 45 27 18 17 0 38 4 17 2 29 24 10 4 6 39 31 32 21 43 27 19 41 7 37 14 
28 3 33 14 33 7 12 7 9 16 48 17 41 16 36 12 43 6 30 21 41 23 21 2 27 37 27 32 30 26 38 29 13 28 23 6 41 37 46 8 35 31 25 21 14 21 17 14 41 15 1 25 38 2 13 30 10 5 20 8 22 0 26 50 44 46 38 8 27 43 29 38 24 28 50 37 48 38 18 24 6 
32 36 10 15 41 44 1 25 6 24 37 14 31 43 11 35 19 15 25 46 5 4 45 49 15 7 6 42 41 33 27 38 45 19 4 48 30 43 36 1 24 45 1 1 4 42 33 12 25 45 39 23 11 39 21 7 12 44 45 43 38 47 0 30 22 2 35 1 27 17 39 18 37 47 40 7 45 28 5 47 39 
41 11 34 49 50 22 2 12 43 21 43 36 27 31 24 28 28 9 27 40 7 5 35 9 46 3 23 19 1 36 17 46 20 24 47 11 18 11 24 15 5 39 15 18 18 10 43 50 28 25 7 28 10 44 21 15 8 6 10 5 1 29 5 0 11 33 50 13 18 13 13 39 11 8 17 11 32 17 45 11 43 
31 19 19 35 30 18 33 9 23 23 9 4 15 41 50 47 38 37 7 33 29 48 12 11 46 45 26 15 2 13 49 16 28 36 15 29 47 17 23 19 8 14 44 30 32 41 6 43 32 9 26 14 24 8 16 14 39 9 15 15 40 26 5 33 0 46 37 41 27 10 2 27 41 24 2 46 12 36 15 33 19 
12 24 26 26 35 6 20 26 12 43 20 25 3 16 9 29 2 2 39 27 5 39 24 14 26 37 44 5 6 30 2 32 13 14 13 5 32 29 48 47 7 39 46 37 25 3 46 1 44 7 37 39 15 2 46 10 23 46 24 12 32 16 15 48 28 0 10 32 38 9 23 6 25 5 49 38 16 10 29 2 35 
35 27 23 46 33 14 37 22 4 50 9 34 19 7 14 11 43 16 44 2 8 28 22 25 5 40 40 23 22 38 25 18 6 11 15 47 22 22 18 48 37 47 50 14 27 50 17 38 39 25 18 14 37 9 1 45 10 38 17 37 36 42 20 6 14 9 0 7 3 37 4 45 38 25 46 41 1 41 24 9 1 
32 12 17 44 31 28 44 36 44 26 24 12 30 10 3 41 16 42 7 35 34 40 40 31 33 12 5 42 12 15 38 29 16 39 29 37 43 7 34 34 14 37 48 23 50 46 38 5 50 35 13 20 38 45 4 49 44 31 41 18 4 15 22 20 5 37 48 0 48 21 44 37 4 38 33 37 23 10 6 24 18 
 
25 2 25 29 11 6 35 1 47 17 42 34 49 31 8 6 23 25 11 36 40 11 11 10 46 13 1 13 42 39 35 44 24 29 39 24 23 17 17 20 40 39 30 21 50 45 8 21 25 31 31 24 1 4 48 38 30 22 50 38 31 9 5 29 18 15 35 38 0 18 36 34 18 2 10 17 39 5 3 24 37 
5 49 27 7 38 43 4 38 6 50 11 37 19 28 45 41 36 17 4 29 33 26 19 41 22 32 17 29 31 12 37 10 50 40 4 47 48 40 28 24 13 1 24 34 9 28 23 6 50 43 46 2 24 39 15 13 11 41 3 41 40 37 15 14 43 13 38 46 18 0 47 19 4 35 20 27 15 16 1 41 40 
19 6 29 9 38 3 27 46 6 36 47 24 32 30 18 12 18 8 50 6 40 22 27 2 15 9 47 48 23 15 37 19 40 21 12 19 30 29 7 48 22 38 15 36 49 11 19 8 6 25 41 39 14 49 2 18 28 13 15 7 7 7 14 1 16 20 14 16 45 10 0 44 27 41 35 44 32 12 11 26 25 
37 21 17 40 30 47 24 24 7 9 14 25 34 1 36 1 30 3 35 15 40 38 7 3 42 12 29 30 44 30 19 39 29 17 19 20 8 24 27 12 21 47 45 43 33 1 43 39 22 9 26 12 9 17 36 24 18 18 27 24 35 10 50 2 40 50 4 10 9 38 12 0 16 8 40 44 10 30 6 50 14 
3 21 46 40 11 43 5 19 7 13 35 41 13 16 36 9 2 38 12 1 45 24 45 26 25 32 11 6 3 6 41 39 36 49 10 20 2 29 10 23 26 2 37 27 36 37 34 30 10 27 6 26 16 47 8 4 21 44 35 28 7 47 18 10 24 50 47 21 8 2 29 42 0 35 1 50 14 20 39 45 42 
14 38 39 35 50 23 28 23 49 35 37 16 34 28 46 26 22 43 3 40 8 38 21 19 19 50 24 6 44 38 13 36 1 30 27 31 20 48 1 5 8 41 2 47 7 14 25 8 32 50 2 24 18 17 49 6 18 37 22 11 50 35 47 48 20 49 37 29 10 22 4 47 2 0 28 37 7 35 39 41 2 
41 31 23 4 21 28 23 36 4 28 1 38 4 16 28 46 32 11 46 6 4 4 45 30 50 27 16 27 5 13 39 38 43 7 46 46 44 36 30 1 42 21 29 41 24 2 8 30 12 40 24 36 30 23 18 24 41 33 40 33 22 25 39 36 38 17 49 35 4 1 45 18 44 41 0 5 18 36 38 29 18 
50 20 2 23 30 31 21 40 10 28 4 17 34 12 25 42 28 43 24 39 32 47 41 17 21 11 10 24 29 9 50 24 5 25 1 38 31 50 46 41 2 35 18 14 18 44 3 32 45 20 44 25 16 8 24 18 15 13 19 26 29 3 18 16 40 4 45 39 40 3 22 33 1 25 25 0 25 48 7 20 38 
48 30 14 24 35 3 50 5 33 39 34 13 4 6 22 44 36 36 39 22 33 4 42 14 12 14 38 19 8 38 18 46 41 5 3 3 49 47 5 20 20 9 24 39 20 44 33 22 10 50 36 17 45 31 32 28 34 26 35 37 12 3 5 4 41 35 29 12 36 34 28 39 20 49 8 15 0 45 3 18 29 
30 8 11 18 28 4 6 1 14 24 29 37 49 28 44 21 43 26 3 10 32 18 50 8 36 25 32 26 24 36 6 44 31 18 28 38 7 43 22 17 15 19 43 23 49 40 13 12 35 8 38 20 21 6 18 41 17 42 21 37 9 19 15 21 20 36 6 19 34 24 16 44 37 47 43 38 9 0 44 44 37 
26 16 32 31 34 50 2 50 8 46 12 50 32 29 33 41 42 9 42 7 6 44 29 29 1 25 10 15 2 8 24 35 26 41 32 20 29 6 5 37 20 40 33 43 3 30 19 46 32 24 30 41 2 9 27 1 6 9 47 13 49 48 23 12 45 16 1 44 46 34 34 47 5 9 15 23 10 20 0 49 10 
22 20 19 37 32 21 17 6 37 14 8 50 9 8 45 12 48 37 9 48 1 28 19 50 26 1 27 25 17 40 32 46 39 21 44 8 40 24 27 23 31 3 20 21 40 43 37 36 32 46 13 25 20 16 33 47 47 31 9 28 31 9 22 36 13 31 29 24 39 21 17 42 37 46 14 20 33 14 41 0 22 
33 2 30 8 4 22 21 18 46 16 42 23 24 5 15 1 18 48 5 46 41 7 41 50 40 22 16 40 14 9 47 45 37 38 42 30 13 12 20 18 37 4 27 20 50 8 11 7 22 44 31 14 14 28 33 39 36 5 39 35 13 35 30 35 4 30 32 14 17 20 46 33 14 39 39 31 42 29 38 40 0 